0.0000	1010.6	26.110	26.110						
6.2000	1009.8	26.110	26.070						
12.060	1009.2	26.040	26.040						
17.820	1008.5	25.970	25.970						
23.450	1007.9	25.910	25.910						
28.960	1007.3	25.870	25.870						
34.400	1006.7	25.830	25.830						
39.840	1006.0	25.790	25.790						
45.330	1005.4	25.760	25.760						
50.900	1004.8	25.720	25.720						
56.510	1004.1	25.690	25.690						
62.080	1003.5	25.660	25.660						
67.500	1002.9	25.640	25.640						
72.750	1002.3	25.630	25.630						
77.940	1001.7	25.620	25.620						
83.170	1001.1	25.610	25.610						
88.560	1000.5	25.590	25.590						
94.190	999.88	25.580	25.580						
100.00	999.22	25.560	25.560						
105.93	998.55	25.540	25.540						
111.84	997.89	25.510	25.510						
117.62	997.24	25.490	25.490						
123.25	996.60	25.460	25.460						
128.77	995.98	25.430	25.430						
134.24	995.37	25.400	25.400						
139.71	994.75	25.370	25.370						
145.21	994.13	25.340	25.340						
150.75	993.51	25.300	25.300						
156.28	992.89	25.270	25.270						
161.74	992.28	25.240	25.240						
167.07	991.68	25.200	25.200						
172.30	991.09	25.170	25.170						
177.42	990.52	25.130	25.130						
182.46	989.95	25.100	25.100						
187.40	989.40	25.060	25.060						
192.17	988.87	25.030	25.030						
196.80	988.35	25.000	25.000						
201.45	987.83	24.960	24.960						
206.24	987.29	24.930	24.930						
211.08	986.75	24.900	24.900						
215.89	986.22	24.870	24.870						
220.60	985.69	24.840	24.840						
225.18	985.18	24.810	24.810						
229.70	984.67	24.770	24.770						
234.23	984.17	24.740	24.740						
238.78	983.66	24.690	24.690						
243.36	983.15	24.650	24.650						
248.06	982.63	24.610	24.610						
253.00	982.08	24.560	24.560						
258.20	981.50	24.510	24.510						
263.57	980.90	24.460	24.460						
269.05	980.29	24.410	24.410						
274.57	979.68	24.370	24.370						
280.12	979.06	24.350	24.350						
285.68	978.45	24.320	24.320						
291.22	977.83	24.300	24.300						
296.66	977.23	24.280	24.280						
301.98	976.64	24.270	24.270						
307.30	976.05	24.250	24.250						
312.70	975.45	24.230	24.230						
318.12	974.85	24.220	24.220						
323.51	974.25	24.200	24.200						
328.91	973.66	24.170	24.170						
334.36	973.05	24.150	24.150						
339.87	972.44	24.120	24.120						
345.41	971.83	24.090	24.090						
350.86	971.23	24.060	24.060						
356.11	970.65	24.030	24.030						
361.20	970.09	24.010	24.010						
366.28	969.53	23.980	23.980						
371.40	968.97	23.950	23.950						
376.56	968.40	23.930	23.930						
381.77	967.83	23.900	23.900						
387.07	967.24	23.880	23.880						
392.47	966.65	23.860	23.860						
397.89	966.06	23.850	23.850						
403.29	965.46	23.830	23.830						
408.65	964.87	23.810	23.810						
413.98	964.29	23.790	23.790						
419.32	963.70	23.750	23.750						
424.74	963.11	23.710	23.710						
430.30	962.50	23.670	23.670						
436.04	961.87	23.630	23.630						
441.96	961.23	23.590	23.590						
448.06	960.56	23.560	23.560						
454.36	959.87	23.530	23.530						
460.85	959.16	23.500	23.500						
467.43	958.44	23.470	23.470						
473.95	957.73	23.430	23.430						
480.35	957.04	23.400	23.400						
486.62	956.35	23.370	23.370						
492.76	955.68	23.330	23.330						
498.80	955.03	23.300	23.300						
504.75	954.38	23.270	23.270						
510.65	953.74	23.240	23.240						
516.52	953.10	23.200	23.200						
522.33	952.47	23.170	23.170						
528.06	951.85	23.140	23.140						
533.66	951.24	23.120	23.120						
539.11	950.65	23.100	23.100						
544.44	950.07	23.080	23.080						
549.69	949.50	23.050	23.050						
554.88	948.94	23.020	23.020						
560.00	948.39	22.980	22.980						
565.12	947.83	22.960	22.960						
570.30	947.28	22.930	22.930						
575.59	946.70	22.920	22.920						
581.01	946.12	22.910	22.910						
586.52	945.52	22.920	22.920						
592.03	944.93	22.930	22.930						
597.54	944.34	22.960	22.960						
603.11	943.74	23.000	23.000						
608.78	943.13	23.040	23.040						
614.57	942.50	23.090	23.090						
620.46	941.87	23.130	23.130						
626.41	941.23	23.160	23.160						
632.35	940.60	23.180	23.180						
638.27	939.96	23.190	23.190						
644.15	939.33	23.190	23.190						
650.09	938.70	23.180	23.180						
656.15	938.05	23.170	23.170						
662.23	937.40	23.130	23.130						
668.23	936.76	23.090	23.090						
674.13	936.13	23.050	23.050						
679.94	935.51	22.990	22.990						
685.74	934.89	22.930	22.930						
691.63	934.26	22.860	22.860						
697.62	933.62	22.790	22.790						
703.68	932.98	22.720	22.720						
709.78	932.33	22.670	22.650						
715.90	931.68	22.630	22.580						
722.02	931.03	22.610	22.520						
728.13	930.38	22.600	22.490						
734.20	929.73	22.610	22.470						
740.17	929.10	22.630	22.460						
745.99	928.48	22.650	22.460						
751.67	927.88	22.660	22.460						
757.26	927.29	22.660	22.440						
762.82	926.70	22.650	22.410						
768.40	926.11	22.640	22.380						
773.94	925.52	22.620	22.350						
779.36	924.95	22.600	22.330						
784.70	924.39	22.590	22.320						
790.01	923.83	22.570	22.300						
795.29	923.27	22.540	22.270						
800.52	922.72	22.500	22.240						
805.78	922.16	22.470	22.200						
811.15	921.60	22.430	22.160						
816.68	921.01	22.390	22.120						
822.39	920.41	22.360	22.090						
828.26	919.80	22.330	22.060						
834.29	919.16	22.310	22.020						
840.50	918.51	22.270	21.990						
846.90	917.84	22.240	21.950						
853.43	917.15	22.210	21.920						
859.87	916.48	22.180	21.890						
866.07	915.83	22.170	21.880						
872.05	915.20	22.160	21.860						
877.86	914.59	22.140	21.850						
883.62	913.99	22.130	21.830						
889.39	913.39	22.100	21.800						
895.15	912.79	22.080	21.780						
900.85	912.19	22.060	21.750						
906.50	911.60	22.050	21.740						
912.11	911.02	22.040	21.730						
917.73	910.43	22.040	21.730						
923.38	909.84	22.030	21.720						
929.07	909.25	22.020	21.710						
934.78	908.65	22.010	21.700						
940.46	908.06	22.000	21.690						
946.09	907.48	21.990	21.680						
951.67	906.90	21.990	21.680						
957.20	906.33	21.990	21.680						
962.69	905.76	21.990	21.670						
968.09	905.20	21.980	21.670						
973.40	904.65	21.980	21.660						
978.65	904.10	21.970	21.660						
983.87	903.56	21.970	21.660						
994.25	902.49	21.960	21.650						
1004.4	901.44	21.950	21.630						
1009.4	900.93	21.940	21.620						
1014.3	900.42	21.930	21.610						
1019.1	899.92	21.920	21.610						
1023.8	899.44	21.910	21.600						
1028.4	898.97	21.890	21.580						
1033.1	898.49	21.880	21.560						
1037.8	898.00	21.860	21.540						
1042.5	897.51	21.850	21.530						
1047.3	897.02	21.850	21.530						
1052.1	896.54	21.850	21.530						
1056.7	896.06	21.840	21.520						
1061.2	895.60	21.830	21.510						
1065.6	895.15	21.820	21.490						
1069.9	894.70	21.800	21.460						
1074.2	894.27	21.780	21.440						
1078.4	893.83	21.770	21.410						
1082.6	893.40	21.750	21.390						
1086.7	892.98	21.720	21.370						
1090.9	892.56	21.700	21.340						
1095.0	892.13	21.670	21.310						
1099.3	891.70	21.630	21.270						
1103.5	891.27	21.600	21.230						
1107.7	890.84	21.580	21.210						
1111.8	890.42	21.560	21.190						
1115.8	890.01	21.540	21.170						
1119.8	889.60	21.520	21.150						
1123.7	889.21	21.490	21.130						
1127.4	888.82	21.460	21.090						
1131.3	888.44	21.420	21.060						
1135.1	888.04	21.390	21.030						
1139.1	887.64	21.370	21.000						
1143.0	887.24	21.350	20.980						
1146.9	886.84	21.350	20.980						
1150.7	886.46	21.350	20.980						
1154.4	886.08	21.360	20.980						
1158.0	885.71	21.360	20.980						
1161.6	885.34	21.370	20.980						
1165.4	884.96	21.360	20.980						
1169.1	884.58	21.360	20.970						
1172.7	884.22	21.360	20.970						
1176.0	883.88	21.370	20.980						
1179.3	883.55	21.380	21.000						
1182.6	883.22	21.400	21.020						
1185.8	882.89	21.410	21.030						
1188.9	882.57	21.410	21.040						
1192.0	882.26	21.400	21.040						
1194.9	881.97	21.380	21.020						
1197.8	881.68	21.340	20.980						
1200.5	881.40	21.280	20.930						
1203.4	881.11	21.210	20.850						
1206.3	880.81	21.120	20.760						
1209.4	880.50	21.060	20.680						
1212.5	880.19	21.040	20.630						
1215.6	879.88	21.060	20.630						
1218.6	879.58	21.120	20.690						
1221.4	879.29	21.190	20.770						
1224.1	879.02	21.230	20.840						
1226.7	878.76	21.250	20.880						
1229.4	878.48	21.270	20.900						
1232.1	878.21	21.280	20.910						
1234.8	877.94	21.300	20.930						
1237.4	877.68	21.320	20.960						
1240.1	877.41	21.320	20.970						
1242.8	877.13	21.300	20.960						
1245.5	876.86	21.240	20.910						
1248.4	876.57	21.130	20.810						
1251.5	876.26	20.990	20.660						
1254.8	875.92	20.820	20.480						
1258.3	875.57	20.670	20.310						
1261.9	875.21	20.570	20.180						
1265.5	874.85	20.530	20.120						
1269.0	874.49	20.550	20.120						
1272.6	874.14	20.600	20.180						
1276.1	873.78	20.640	20.230						
1279.8	873.41	20.660	20.270						
1283.6	873.03	20.640	20.280						
1287.6	872.63	20.580	20.230						
1291.7	872.21	20.490	20.150						
1295.8	871.81	20.380	20.030						
1299.4	871.44	20.280	19.920						
1302.8	871.10	20.200	19.830						
1306.0	870.78	20.130	19.750						
1309.0	870.48	20.060	19.670						
1312.0	870.18	20.000	19.600						
1315.1	869.87	19.950	19.530						
1318.3	869.54	19.900	19.480						
1321.8	869.19	19.870	19.450						
1325.3	868.84	19.840	19.420						
1328.9	868.48	19.810	19.390						
1332.4	868.13	19.780	19.370						
1335.9	867.78	19.750	19.340						
1339.3	867.43	19.730	19.300						
1342.8	867.09	19.720	19.280						
1346.3	866.74	19.730	19.280						
1349.8	866.39	19.760	19.310						
1353.2	866.05	19.790	19.350						
1356.5	865.72	19.810	19.380						
1359.6	865.40	19.840	19.420						
1362.5	865.11	19.890	19.470						
1365.2	864.85	19.970	19.550						
1367.8	864.59	20.080	19.660						
1370.4	864.33	20.210	19.800						
1373.0	864.07	20.340	19.940						
1375.9	863.78	20.460	20.060						
1379.0	863.47	20.560	20.170						
1382.3	863.14	20.630	20.250						
1385.8	862.80	20.680	20.310						
1389.4	862.45	20.710	20.350						
1392.8	862.10	20.740	20.370						
1396.3	861.76	20.750	20.370						
1400.0	861.39	20.750	20.370						
1403.9	861.01	20.740	20.360						
1407.7	860.62	20.720	20.340						
1411.4	860.26	20.680	20.300						
1415.0	859.90	20.590	20.210						
1418.6	859.55	20.430	20.040						
1422.3	859.18	20.220	19.820						
1426.4	858.77	20.010	19.600						
1430.9	858.33	19.820	19.410						
1435.5	857.88	19.680	19.260						
1440.2	857.41	19.570	19.160						
1444.9	856.95	19.470	19.060						
1449.6	856.48	19.350	18.950						
1454.2	856.02	19.210	18.810						
1458.9	855.56	19.060	18.630						
1463.6	855.10	18.890	18.370						
1468.2	854.63	18.730	18.040						
1473.0	854.16	18.610	17.670						
1478.0	853.67	18.530	17.340						
1483.1	853.16	18.480	17.120						
1488.4	852.63	18.440	16.990						
1493.8	852.10	18.410	16.920						
1499.2	851.57	18.380	16.880						
1504.6	851.04	18.340	16.850						
1509.8	850.51	18.300	16.810						
1515.2	849.99	18.260	16.760						
1520.6	849.45	18.220	16.710						
1526.1	848.91	18.190	16.660						
1531.6	848.36	18.160	16.610						
1537.1	847.82	18.130	16.580						
1542.6	847.28	18.110	16.570						
1548.1	846.74	18.090	16.560						
1553.7	846.19	18.070	16.540						
1559.2	845.64	18.060	16.510						
1564.7	845.10	18.050	16.470						
1570.2	844.56	18.040	16.420						
1575.7	844.02	18.020	16.360						
1581.2	843.48	18.010	16.320						
1586.8	842.94	17.990	16.280						
1592.4	842.39	17.970	16.250						
1598.0	841.84	17.950	16.240						
1603.8	841.27	17.950	16.230						
1609.4	840.72	17.940	16.230						
1615.1	840.17	17.940	16.240						
1620.8	839.61	17.940	16.260						
1626.5	839.05	17.940	16.290						
1632.4	838.48	17.940	16.330						
1638.1	837.92	17.940	16.370						
1643.9	837.35	17.950	16.390						
1649.7	836.79	17.950	16.410						
1655.5	836.23	17.950	16.400						
1661.3	835.66	17.950	16.380						
1667.2	835.09	17.930	16.370						
1673.0	834.52	17.900	16.360						
1678.9	833.95	17.880	16.360						
1684.7	833.39	17.860	16.380						
1690.7	832.81	17.840	16.400						
1696.6	832.23	17.820	16.420						
1702.6	831.66	17.790	16.400						
1708.6	831.08	17.750	16.340						
1714.6	830.49	17.700	16.270						
1720.7	829.90	17.640	16.220						
1726.8	829.31	17.580	16.190						
1732.9	828.72	17.510	16.190						
1739.0	828.13	17.450	16.190						
1745.1	827.55	17.390	16.180						
1751.2	826.96	17.320	16.170						
1757.2	826.38	17.260	16.180						
1763.2	825.80	17.200	16.190						
1769.2	825.22	17.150	16.210						
1775.3	824.64	17.100	16.220						
1781.4	824.05	17.060	16.230						
1787.4	823.47	17.030	16.220						
1793.5	822.89	16.990	16.180						
1799.6	822.30	16.940	16.110						
1805.9	821.70	16.880	16.040						
1812.4	821.07	16.820	15.980						
1819.1	820.43	16.760	15.950						
1825.9	819.78	16.710	15.950						
1832.6	819.13	16.680	15.970						
1839.4	818.49	16.650	15.990						
1846.2	817.83	16.620	15.990						
1853.1	817.18	16.600	15.970						
1859.9	816.53	16.580	15.920						
1866.8	815.87	16.560	15.870						
1873.8	815.20	16.530	15.820						
1881.0	814.52	16.500	15.780						
1888.3	813.82	16.470	15.740						
1903.2	812.40	16.410	15.630						
1910.7	811.69	16.390	15.550						
1918.1	810.99	16.360	15.480						
1925.4	810.29	16.340	15.430						
1932.6	809.61	16.320	15.400						
1939.7	808.94	16.320	15.380						
1946.8	808.27	16.310	15.360						
1953.9	807.59	16.320	15.330						
1961.1	806.92	16.330	15.290						
1968.2	806.24	16.340	15.250						
1975.3	805.57	16.360	15.230						
1989.3	804.26	16.420	15.260						
1996.2	803.61	16.460	15.210						
2003.0	802.97	16.510	15.060						
2009.5	802.36	16.550	14.840						
2015.9	801.76	16.580	14.600						
2022.3	801.16	16.580	14.380						
2028.8	800.55	16.560	14.250						
2035.2	799.95	16.530	14.200						
2041.7	799.35	16.500	14.190						
2048.0	798.75	16.470	14.180						
2054.3	798.17	16.440	14.190						
2060.5	797.59	16.410	14.200						
2066.7	797.01	16.370	14.210						
2072.8	796.44	16.350	14.200						
2078.9	795.87	16.320	14.190						
2085.0	795.30	16.290	14.170						
2091.1	794.73	16.270	14.150						
2097.3	794.15	16.240	14.120						
2103.6	793.57	16.200	14.080						
2109.9	792.98	16.180	14.040						
2116.0	792.42	16.150	13.990						
2122.0	791.86	16.130	13.940						
2128.0	791.31	16.110	13.880						
2134.0	790.74	16.090	13.800						
2140.2	790.18	16.070	13.720						
2146.3	789.61	16.040	13.610						
2152.4	789.05	16.020	13.470						
2158.4	788.49	15.990	13.330						
2164.4	787.93	15.970	13.190						
2170.5	787.37	15.940	13.050						
2176.6	786.80	15.920	12.920						
2182.8	786.23	15.890	12.780						
2189.1	785.66	15.860	12.620						
2195.4	785.07	15.830	12.460						
2201.8	784.48	15.790	12.340						
2208.2	783.90	15.760	12.270						
2214.5	783.32	15.730	12.230						
2220.7	782.75	15.700	12.200						
2226.7	782.19	15.680	12.180						
2232.8	781.63	15.660	12.140						
2238.9	781.08	15.640	12.070						
2245.0	780.51	15.630	11.950						
2251.1	779.95	15.610	11.770						
2257.3	779.39	15.600	11.540						
2263.4	778.83	15.580	11.310						
2269.6	778.26	15.560	11.120						
2275.7	777.70	15.540	11.000						
2281.9	777.14	15.520	10.960						
2288.1	776.57	15.510	10.960						
2294.2	776.01	15.490	11.020						
2300.4	775.45	15.470	11.120						
2306.6	774.88	15.440	11.220						
2312.8	774.31	15.410	11.290						
2319.0	773.75	15.370	11.330						
2325.2	773.19	15.330	11.330						
2331.3	772.63	15.300	11.310						
2337.5	772.07	15.260	11.280						
2343.7	771.51	15.220	11.240						
2349.9	770.95	15.190	11.210						
2356.1	770.38	15.160	11.190						
2362.4	769.81	15.130	11.170						
2368.8	769.23	15.100	11.150						
2375.1	768.66	15.070	11.140						
2381.3	768.10	15.050	11.100						
2387.4	767.54	15.030	11.050						
2393.6	766.99	15.010	10.970						
2399.7	766.44	14.980	10.860						
2405.8	765.89	14.960	10.730						
2412.0	765.33	14.940	10.610						
2418.2	764.77	14.910	10.490						
2424.5	764.20	14.890	10.410						
2430.9	763.62	14.870	10.350						
2437.2	763.05	14.840	10.280						
2443.4	762.50	14.810	10.220						
2449.6	761.94	14.780	10.170						
2455.6	761.40	14.740	10.130						
2461.6	760.87	14.700	10.100						
2467.5	760.34	14.670	10.090						
2473.5	759.80	14.640	10.080						
2479.7	759.24	14.610	10.060						
2485.9	758.69	14.580	10.040						
2487.2	758.46	15.490	8.3500						
2494.6	757.80	15.430	8.3200						
2508.9	756.53	15.300	8.3400						
2515.9	755.90	15.230	8.3700						
2523.0	755.27	15.170	8.3800						
2537.6	753.98	15.050	8.3400						
2544.9	753.32	14.990	8.3000						
2552.2	752.67	14.930	8.2500						
2559.4	752.03	14.880	8.2100						
2566.7	751.39	14.830	8.2000						
2574.2	750.73	14.770	8.2100						
2589.3	749.39	14.650	8.1800						
2596.7	748.73	14.590	8.1400						
2604.0	748.09	14.520	8.0900						
2611.2	747.45	14.460	8.0400						
2618.5	746.81	14.400	7.9900						
2625.9	746.16	14.340	7.9400						
2633.4	745.50	14.270	7.8900						
2640.9	744.83	14.210	7.8200						
2648.4	744.17	14.150	7.7700						
2655.8	743.52	14.080	7.7200						
2663.0	742.89	14.020	7.6900						
2670.2	742.26	13.960	7.6800						
2684.6	740.99	13.830	7.6800						
2691.9	740.35	13.780	7.6900						
2699.3	739.71	13.730	7.6900						
2706.7	739.05	13.680	7.6800						
2714.2	738.40	13.620	7.6600						
2721.7	737.74	13.560	7.6500						
2729.2	737.09	13.500	7.6500						
2736.5	736.45	13.440	7.6400						
2743.9	735.81	13.370	7.6200						
2751.3	735.16	13.310	7.5800						
2758.8	734.51	13.240	7.5300						
2766.2	733.86	13.180	7.4900						
2773.5	733.23	13.130	7.4600						
2780.9	732.59	13.070	7.4400						
2788.4	731.93	13.010	7.4300						
2795.9	731.28	12.960	7.4300						
2803.4	730.62	12.900	7.4300						
2810.9	729.97	12.860	7.4400						
2825.8	728.69	12.780	7.4900						
2833.2	728.04	12.750	7.5200						
2840.6	727.40	12.700	7.5400						
2848.1	726.75	12.660	7.5500						
2855.8	726.09	12.610	7.5200						
2871.3	724.75	12.490	7.4000						
2886.9	723.41	12.390	7.3100						
2894.5	722.76	12.340	7.3100						
2901.9	722.12	12.290	7.3400						
2909.3	721.49	12.250	7.4000						
2916.6	720.86	12.210	7.4600						
2924.0	720.23	12.160	7.5000						
2931.4	719.58	12.120	7.4900						
2946.7	718.28	12.010	7.4000						
2954.4	717.62	11.960	7.3300						
2962.0	716.97	11.920	7.2600						
2969.5	716.33	11.870	7.1900						
2977.1	715.68	11.820	7.1500						
2984.6	715.04	11.770	7.1400						
2992.0	714.41	11.720	7.1600						
2999.4	713.77	11.670	7.1800						
3006.9	713.14	11.610	7.2100						
3014.3	712.51	11.560	7.2400						
3021.7	711.88	11.500	7.2700						
3029.1	711.25	11.450	7.3100						
3043.9	710.00	11.330	7.3600						
3051.4	709.37	11.280	7.3500						
3058.8	708.73	11.220	7.3100						
3066.3	708.11	11.160	7.2500						
3073.7	707.48	11.090	7.1700						
3081.1	706.85	11.040	7.0600						
3088.5	706.23	10.990	6.9000						
3095.9	705.60	10.940	6.7100						
3103.2	704.98	10.890	6.4800						
3110.6	704.36	10.850	6.2500						
3118.0	703.74	10.800	6.0500						
3125.4	703.11	10.750	5.9000						
3132.9	702.48	10.690	5.8200						
3147.7	701.23	10.580	5.7800						
3155.2	700.61	10.530	5.7800						
3162.6	699.99	10.470	5.7800						
3169.9	699.37	10.420	5.7600						
3177.2	698.77	10.360	5.7300						
3184.4	698.16	10.310	5.6900						
3191.7	697.55	10.260	5.6600						
3199.1	696.93	10.220	5.6300						
3206.5	696.31	10.170	5.6100						
3221.1	695.10	10.060	5.5900						
3228.2	694.50	9.9900	5.5800						
3242.7	693.30	9.8700	5.5100						
3257.2	692.09	9.7600	5.3700						
3264.5	691.48	9.7100	5.2900						
3271.9	690.86	9.6600	5.2200						
3279.5	690.23	9.5900	5.1700						
3287.1	689.61	9.5300	5.1100						
3294.5	688.99	9.4700	5.0700						
3301.9	688.37	9.4100	5.0200						
3309.4	687.75	9.3600	4.9700						
3317.0	687.13	9.3000	4.9300						
3324.5	686.50	9.2500	4.9000						
3332.1	685.88	9.2100	4.8800						
3339.6	685.26	9.1600	4.8600						
3347.0	684.65	9.1200	4.8300						
3354.3	684.05	9.0700	4.8000						
3361.5	683.45	9.0300	4.7700						
3368.8	682.86	8.9800	4.7300						
3375.9	682.27	8.9300	4.7000						
3390.1	681.10	8.8100	4.6400						
3397.2	680.52	8.7500	4.6100						
3404.3	679.93	8.6800	4.5800						
3411.6	679.34	8.6200	4.5200						
3419.0	678.73	8.5600	4.4300						
3426.3	678.13	8.5000	4.3000						
3433.5	677.54	8.4500	4.1900						
3440.6	676.97	8.4000	4.1100						
3447.6	676.39	8.3400	4.0500						
3454.9	675.80	8.2800	3.9800						
3462.2	675.20	8.2200	3.9000						
3477.2	673.98	8.1000	3.7100						
3484.6	673.37	8.0300	3.6300						
3492.0	672.77	7.9700	3.5600						
3499.3	672.17	7.9000	3.5100						
3520.9	670.42	7.7200	3.3300						
3528.1	669.84	7.6600	3.3000						
3535.3	669.25	7.6000	3.2700						
3542.6	668.66	7.5400	3.2400						
3549.9	668.07	7.4700	3.2100						
3557.2	667.48	7.4100	3.1600						
3571.9	666.29	7.3000	3.0900						
3579.4	665.69	7.2400	3.1100						
3586.9	665.08	7.1800	3.1800						
3594.5	664.46	7.1100	3.2800						
3602.2	663.85	7.0500	3.3600						
3609.8	663.23	6.9900	3.4000						
3617.4	662.62	6.9200	3.4200						
3625.1	662.00	6.8600	3.4300						
3632.7	661.39	6.8000	3.4500						
3640.3	660.78	6.7500	3.4500						
3647.8	660.18	6.6900	3.4400						
3655.3	659.58	6.6300	3.4100						
3662.8	658.98	6.5700	3.3700						
3670.1	658.39	6.5100	3.3300						
3677.3	657.81	6.4400	3.2900						
3684.4	657.24	6.3800	3.2500						
3691.6	656.67	6.3100	3.1900						
3699.0	656.08	6.2400	3.1000						
3706.4	655.49	6.1700	2.9600						
3721.6	654.28	6.0300	2.5000						
3729.1	653.68	5.9700	2.3000						
3736.6	653.08	5.9000	2.1700						
3744.1	652.48	5.8400	2.1100						
3751.7	651.88	5.7700	2.1200						
3759.3	651.28	5.7000	2.1500						
3774.5	650.07	5.5700	2.2200						
3789.4	648.88	5.4400	2.2600						
3796.9	648.29	5.3800	2.2700						
3804.5	647.70	5.3200	2.2700						
3812.1	647.09	5.2600	2.2700						
3819.8	646.48	5.2000	2.2700						
3827.6	645.87	5.1400	2.2600						
3835.2	645.26	5.0800	2.2500						
3842.9	644.66	5.0200	2.2500						
3850.5	644.06	4.9600	2.2400						
3858.2	643.46	4.9000	2.2300						
3873.4	642.26	4.7900	2.1900						
3881.0	641.66	4.7300	2.1700						
3888.5	641.07	4.6700	2.1400						
3896.0	640.48	4.6100	2.1000						
3903.4	639.90	4.5500	2.0700						
3910.9	639.32	4.4900	2.0300						
3918.4	638.73	4.4300	2.0100						
3925.9	638.14	4.3700	1.9800						
3933.5	637.55	4.3100	1.9500						
3941.1	636.95	4.2500	1.9200						
3948.6	636.37	4.2000	1.8900						
3956.1	635.78	4.1400	1.8500						
3963.8	635.18	4.0900	1.8200						
3971.5	634.58	4.0300	1.7800						
3979.1	633.99	3.9700	1.7500						
3986.5	633.42	3.9100	1.7300						
4001.1	632.28	3.8100	1.7000						
4008.4	631.71	3.7600	1.6900						
4015.9	631.13	3.7100	1.6700						
4023.4	630.55	3.6600	1.6400						
4030.9	629.97	3.6200	1.6100						
4038.3	629.40	3.5800	1.5800						
4053.0	628.26	3.5000	1.5100						
4060.5	627.68	3.4500	1.4800						
4068.1	627.10	3.4100	1.4500						
4075.7	626.51	3.3500	1.4300						
4090.5	625.37	3.2400	1.3900						
4097.9	624.80	3.1800	1.3600						
4105.2	624.23	3.1200	1.3200						
4112.8	623.66	3.0600	1.2900						
4120.4	623.07	3.0000	1.2600						
4128.1	622.48	2.9600	1.2400						
4135.7	621.89	2.9200	1.2200						
4150.6	620.75	2.8500	1.1800						
4158.1	620.18	2.8200	1.1600						
4165.6	619.61	2.7800	1.1200						
4173.2	619.03	2.7400	1.0900						
4180.8	618.44	2.7000	1.0500						
4188.4	617.87	2.6600	1.0100						
4195.9	617.30	2.6100	0.98000						
4203.3	616.73	2.5700	0.95000						
4218.0	615.62	2.4700	0.90000						
4225.4	615.05	2.4200	0.86000						
4232.9	614.48	2.3700	0.78000						
4240.5	613.91	2.3200	0.67000						
4248.1	613.33	2.2700	0.55000						
4255.7	612.76	2.2200	0.42000						
4263.1	612.19	2.1800	0.32000						
4270.4	611.64	2.1200	0.26000						
4277.7	611.09	2.0800	0.23000						
4292.5	609.98	1.9900	0.18000						
4300.0	609.41	1.9500	0.16000						
4307.7	608.83	1.9100	0.13000						
4315.3	608.26	1.8800	0.10000						
4322.8	607.69	1.8400	0.070000						
4337.7	606.57	1.7600	0.030000						
4345.2	606.01	1.7300	0.0100000						
4352.8	605.44	1.6900	-0.0100000						
4368.0	604.30	1.6200	-0.030000						
4375.5	603.74	1.5900	-0.040000						
4382.9	603.19	1.5600	-0.040000						
4397.7	602.08	1.5100	-0.050000						
4405.2	601.52	1.4800	-0.050000						
4412.7	600.96	1.4600	-0.060000						
4420.2	600.40	1.4300	-0.080000						
4427.7	599.84	1.4000	-0.10000						
4435.3	599.29	1.3700	-0.12000						
4442.8	598.72	1.3500	-0.13000						
4450.5	598.16	1.3400	-0.14000						
4458.2	597.59	1.3200	-0.15000						
4465.9	597.01	1.3000	-0.16000						
4481.1	595.89	1.2500	-0.17000						
4488.6	595.34	1.2300	-0.18000						
4496.0	594.79	1.2100	-0.19000						
4503.5	594.23	1.1800	-0.20000						
4511.1	593.68	1.1500	-0.21000						
4518.7	593.12	1.1300	-0.23000						
4541.4	591.45	1.0600	-0.29000						
4549.0	590.89	1.0300	-0.32000						
4564.1	589.78	0.97000	-0.38000						
4571.6	589.23	0.95000	-0.41000						
4579.1	588.69	0.92000	-0.42000						
4586.5	588.14	0.89000	-0.43000						
4594.0	587.60	0.87000	-0.43000						
4601.4	587.06	0.84000	-0.44000						
4616.1	585.99	0.80000	-0.44000						
4623.4	585.45	0.78000	-0.45000						
4630.8	584.92	0.76000	-0.45000						
4638.3	584.37	0.73000	-0.45000						
4645.9	583.82	0.71000	-0.46000						
4668.5	582.19	0.62000	-0.50000						
4676.0	581.64	0.59000	-0.52000						
4683.6	581.09	0.56000	-0.55000						
4691.2	580.54	0.52000	-0.58000						
4698.8	580.00	0.49000	-0.61000						
4706.4	579.45	0.46000	-0.63000						
4714.0	578.90	0.42000	-0.66000						
4721.5	578.36	0.39000	-0.69000						
4729.1	577.81	0.36000	-0.73000						
4736.8	577.26	0.32000	-0.76000						
4744.4	576.71	0.29000	-0.79000						
4752.0	576.17	0.25000	-0.82000						
4759.6	575.62	0.22000	-0.85000						
4767.3	575.07	0.18000	-0.89000						
4775.0	574.52	0.15000	-0.92000						
4782.7	573.97	0.11000	-0.96000						
4790.5	573.41	0.070000	-1.0000						
4798.4	572.85	0.030000	-1.0300						
4806.1	572.30	-0.0100000	-1.0700						
4813.8	571.75	-0.050000	-1.1100						
4821.5	571.20	-0.10000	-1.1500						
4829.1	570.66	-0.15000	-1.2000						
4836.6	570.13	-0.19000	-1.2600						
4844.2	569.59	-0.24000	-1.3100						
4851.9	569.05	-0.28000	-1.3600						
4859.6	568.49	-0.32000	-1.4100						
4867.4	567.94	-0.36000	-1.4600						
4875.3	567.38	-0.40000	-1.5000						
4883.1	566.83	-0.44000	-1.5400						
4890.7	566.29	-0.48000	-1.5700						
4905.8	565.23	-0.56000	-1.6300						
4913.4	564.69	-0.60000	-1.6700						
4921.0	564.15	-0.64000	-1.7000						
4928.9	563.60	-0.69000	-1.7400						
4936.7	563.05	-0.73000	-1.7700						
4952.4	561.94	-0.80000	-1.8500						
4960.3	561.39	-0.84000	-1.9000						
4968.1	560.84	-0.88000	-1.9500						
4976.0	560.29	-0.92000	-2.0000						
4983.9	559.74	-0.96000	-2.0500						
4991.8	559.18	-1.0000	-2.1000						
4999.9	558.62	-1.0400	-2.1400						
5008.0	558.06	-1.0900	-2.1800						
5016.0	557.49	-1.1300	-2.2200						
5024.0	556.93	-1.1700	-2.2600						
5032.0	556.38	-1.2200	-2.3000						
5040.0	555.82	-1.2600	-2.3300						
5047.9	555.27	-1.3000	-2.3700						
5055.9	554.72	-1.3300	-2.4000						
5063.8	554.17	-1.3600	-2.4300						
5071.6	553.62	-1.4000	-2.4700						
5079.5	553.08	-1.4400	-2.5100						
5087.4	552.53	-1.4900	-2.5600						
5095.2	551.99	-1.5300	-2.6100						
5103.2	551.44	-1.5700	-2.6600						
5119.0	550.35	-1.6500	-2.7400						
5126.9	549.80	-1.6800	-2.7700						
5134.8	549.26	-1.7200	-2.8100						
5142.7	548.71	-1.7600	-2.8400						
5150.6	548.17	-1.8000	-2.8700						
5158.6	547.62	-1.8400	-2.9100						
5166.4	547.08	-1.8800	-2.9500						
5174.2	546.55	-1.9200	-3.0000						
5182.0	546.02	-1.9600	-3.0500						
5189.7	545.48	-2.0000	-3.1100						
5197.6	544.95	-2.0400	-3.1600						
5213.6	543.85	-2.1400	-3.2600						
5221.4	543.32	-2.1800	-3.3000						
5229.1	542.79	-2.2200	-3.3400						
5236.7	542.27	-2.2500	-3.3800						
5244.4	541.75	-2.2900	-3.4200						
5252.2	541.22	-2.3300	-3.4600						
5260.0	540.69	-2.3700	-3.5000						
5267.8	540.16	-2.4100	-3.5400						
5275.6	539.63	-2.4500	-3.5800						
5283.4	539.10	-2.4800	-3.6200						
5291.3	538.57	-2.5200	-3.6600						
5299.2	538.03	-2.5500	-3.7000						
5307.3	537.48	-2.5900	-3.7300						
5323.0	536.42	-2.6600	-3.8100						
5330.9	535.89	-2.7000	-3.8500						
5338.8	535.35	-2.7400	-3.8800						
5346.7	534.82	-2.7700	-3.9200						
5354.6	534.29	-2.8000	-3.9500						
5362.3	533.77	-2.8400	-3.9900						
5370.1	533.25	-2.8700	-4.0200						
5377.8	532.73	-2.8900	-4.0600						
5385.7	532.20	-2.9200	-4.0900						
5393.7	531.67	-2.9500	-4.1300						
5401.7	531.12	-2.9900	-4.1700						
5409.9	530.58	-3.0200	-4.2100						
5418.0	530.04	-3.0600	-4.2500						
5425.9	529.51	-3.0900	-4.2900						
5433.7	528.99	-3.1200	-4.3300						
5441.5	528.47	-3.1500	-4.3700						
5449.4	527.94	-3.1900	-4.4100						
5457.3	527.42	-3.2300	-4.4400						
5473.1	526.36	-3.3100	-4.5200						
5481.1	525.84	-3.3400	-4.5600						
5489.0	525.31	-3.3800	-4.6000						
5504.8	524.27	-3.4500	-4.6800						
5512.7	523.74	-3.4900	-4.7300						
5520.7	523.21	-3.5300	-4.7800						
5528.7	522.69	-3.5600	-4.8200						
5536.7	522.16	-3.6000	-4.8600						
5544.7	521.63	-3.6300	-4.9000						
5552.8	521.10	-3.6700	-4.9400						
5560.8	520.57	-3.7100	-4.9800						
5568.7	520.05	-3.7500	-5.0200						
5576.6	519.53	-3.7900	-5.0700						
5584.6	519.01	-3.8300	-5.1100						
5592.6	518.48	-3.8800	-5.1500						
5600.7	517.95	-3.9200	-5.2000						
5633.3	515.81	-4.0800	-5.3500						
5641.4	515.29	-4.1200	-5.4000						
5649.5	514.76	-4.1600	-5.4400						
5657.5	514.24	-4.1900	-5.4800						
5665.4	513.72	-4.2300	-5.5300						
5673.4	513.20	-4.2700	-5.5900						
5681.5	512.68	-4.3100	-5.6400						
5689.5	512.16	-4.3500	-5.6900						
5697.5	511.64	-4.3900	-5.7400						
5705.6	511.12	-4.4300	-5.7800						
5713.6	510.59	-4.4700	-5.8300						
5721.8	510.07	-4.5100	-5.8700						
5730.0	509.54	-4.5500	-5.9100						
5738.1	509.01	-4.5900	-5.9500						
5746.3	508.49	-4.6300	-5.9900						
5754.3	507.97	-4.6800	-6.0300						
5762.3	507.45	-4.7200	-6.0700						
5770.3	506.94	-4.7600	-6.1100						
5778.3	506.42	-4.8000	-6.1600						
5786.3	505.91	-4.8400	-6.2100						
5794.3	505.40	-4.8900	-6.2500						
5802.3	504.88	-4.9300	-6.3000						
5818.7	503.83	-5.0100	-6.3900						
5826.7	503.32	-5.0500	-6.4400						
5834.7	502.81	-5.0900	-6.4800						
5842.6	502.30	-5.1300	-6.5200						
5858.2	501.31	-5.2000	-6.5900						
5866.1	500.81	-5.2400	-6.6400						
5873.9	500.31	-5.2800	-6.6800						
5881.7	499.81	-5.3200	-6.7300						
5889.5	499.32	-5.3700	-6.7800						
5897.2	498.82	-5.4100	-6.8200						
5905.0	498.33	-5.4500	-6.8600						
5912.7	497.84	-5.4800	-6.9000						
5920.5	497.35	-5.5200	-6.9400						
5928.2	496.86	-5.5600	-6.9800						
5936.0	496.37	-5.6000	-7.0300						
5943.7	495.88	-5.6400	-7.0700						
5951.5	495.39	-5.6800	-7.1200						
5959.3	494.90	-5.7200	-7.1600						
5967.1	494.41	-5.7500	-7.2000						
5975.0	493.91	-5.7900	-7.2400						
5983.0	493.41	-5.8300	-7.2900						
5991.0	492.90	-5.8800	-7.3300						
6007.0	491.90	-5.9700	-7.4300						
6014.9	491.40	-6.0100	-7.4700						
6022.7	490.91	-6.0500	-7.5200						
6030.6	490.42	-6.0900	-7.5600						
6038.5	489.93	-6.1400	-7.6100						
6046.4	489.43	-6.1800	-7.6500						
6054.4	488.93	-6.2300	-7.7000						
6062.4	488.43	-6.2700	-7.7400						
6070.5	487.93	-6.3100	-7.7800						
6078.6	487.43	-6.3600	-7.8200						
6086.6	486.93	-6.3900	-7.8800						
6094.6	486.43	-6.4300	-7.9300						
6102.6	485.93	-6.4600	-7.9800						
6110.4	485.45	-6.5000	-8.0300						
6118.2	484.96	-6.5300	-8.0700						
6134.0	483.99	-6.5900	-8.1400						
6141.9	483.50	-6.6300	-8.1700						
6149.8	483.01	-6.6600	-8.2000						
6157.6	482.53	-6.6900	-8.2300						
6165.5	482.04	-6.7200	-8.2700						
6173.5	481.55	-6.7600	-8.3100						
6181.6	481.05	-6.7900	-8.3500						
6189.7	480.55	-6.8300	-8.3900						
6197.9	480.05	-6.8700	-8.4400						
6206.0	479.55	-6.9100	-8.4900						
6214.0	479.06	-6.9500	-8.5400						
6222.0	478.57	-6.9900	-8.5900						
6230.0	478.08	-7.0200	-8.6300						
6237.9	477.59	-7.0600	-8.6800						
6245.9	477.11	-7.1000	-8.7200						
6253.7	476.63	-7.1400	-8.7700						
6261.6	476.15	-7.1800	-8.8100						
6285.6	474.69	-7.3100	-8.9400						
6293.7	474.19	-7.3500	-8.9900						
6301.8	473.70	-7.3900	-9.0300						
6317.8	472.73	-7.4700	-9.1100						
6325.6	472.26	-7.5100	-9.1600						
6333.2	471.80	-7.5400	-9.2000						
6340.8	471.34	-7.5800	-9.2400						
6348.5	470.87	-7.6200	-9.2800						
6356.4	470.39	-7.6600	-9.3300						
6372.5	469.42	-7.7500	-9.4300						
6380.6	468.93	-7.8000	-9.4700						
6396.5	467.98	-7.8800	-9.5600						
6404.4	467.51	-7.9200	-9.6100						
6412.2	467.03	-7.9700	-9.6500						
6420.1	466.56	-8.0100	-9.7000						
6427.9	466.10	-8.0500	-9.7500						
6435.6	465.63	-8.1000	-9.8100						
6443.5	465.16	-8.1400	-9.8600						
6451.4	464.69	-8.1900	-9.9100						
6467.5	463.72	-8.2800	-10.000						
6483.8	462.75	-8.3700	-10.100						
6492.0	462.27	-8.4100	-10.150						
6500.1	461.78	-8.4600	-10.200						
6508.3	461.30	-8.5000	-10.250						
6516.4	460.81	-8.5400	-10.300						
6524.6	460.33	-8.5900	-10.360						
6532.7	459.85	-8.6400	-10.410						
6540.8	459.37	-8.6900	-10.450						
6548.9	458.89	-8.7300	-10.500						
6557.0	458.41	-8.7800	-10.550						
6565.1	457.93	-8.8200	-10.600						
6573.1	457.46	-8.8700	-10.660						
6581.1	456.99	-8.9100	-10.720						
6589.1	456.52	-8.9600	-10.780						
6597.0	456.05	-9.0000	-10.830						
6604.9	455.59	-9.0500	-10.870						
6612.8	455.12	-9.0900	-10.910						
6620.8	454.65	-9.1300	-10.960						
6628.8	454.18	-9.1700	-11.000						
6636.9	453.71	-9.2100	-11.060						
6653.3	452.75	-9.3100	-11.170						
6661.6	452.26	-9.3600	-11.220						
6669.9	451.78	-9.4100	-11.270						
6678.2	451.30	-9.4500	-11.310						
6686.4	450.82	-9.4900	-11.350						
6694.4	450.35	-9.5300	-11.380						
6702.4	449.89	-9.5600	-11.420						
6710.4	449.42	-9.6000	-11.470						
6718.4	448.95	-9.6300	-11.510						
6726.5	448.48	-9.6700	-11.550						
6734.7	448.01	-9.7100	-11.590						
6743.0	447.53	-9.7500	-11.640						
6751.4	447.04	-9.8000	-11.680						
6759.8	446.56	-9.8500	-11.730						
6768.2	446.07	-9.8900	-11.780						
6776.5	445.59	-9.9400	-11.840						
6784.8	445.11	-9.9800	-11.900						
6793.0	444.64	-10.030	-11.960						
6801.2	444.17	-10.070	-12.010						
6817.4	443.24	-10.140	-12.090						
6825.6	442.77	-10.180	-12.130						
6833.9	442.29	-10.220	-12.180						
6842.2	441.81	-10.260	-12.230						
6859.0	440.85	-10.340	-12.330						
6867.3	440.38	-10.390	-12.380						
6875.5	439.91	-10.430	-12.430						
6883.7	439.44	-10.480	-12.480						
6891.9	438.97	-10.530	-12.530						
6900.1	438.51	-10.580	-12.580						
6908.3	438.04	-10.630	-12.630						
6916.5	437.57	-10.680	-12.690						
6924.6	437.11	-10.740	-12.750						
6932.5	436.66	-10.790	-12.810						
6940.5	436.21	-10.840	-12.870						
6956.5	435.30	-10.950	-12.990						
6973.1	434.37	-11.050	-13.100						
6981.5	433.89	-11.100	-13.150						
6998.1	432.95	-11.210	-13.270						
7006.3	432.49	-11.270	-13.330						
7014.5	432.03	-11.320	-13.390						
7022.8	431.57	-11.370	-13.450						
7031.1	431.10	-11.420	-13.510						
7039.5	430.63	-11.470	-13.560						
7047.9	430.16	-11.530	-13.620						
7056.3	429.68	-11.580	-13.670						
7064.7	429.21	-11.630	-13.720						
7073.1	428.74	-11.680	-13.760						
7081.5	428.28	-11.730	-13.800						
7089.9	427.81	-11.780	-13.840						
7098.2	427.34	-11.830	-13.870						
7106.6	426.88	-11.880	-13.900						
7114.9	426.41	-11.930	-13.940						
7123.2	425.95	-11.980	-14.000						
7140.2	425.00	-12.090	-14.150						
7148.9	424.52	-12.140	-14.230						
7157.6	424.04	-12.190	-14.290						
7166.0	423.57	-12.240	-14.350						
7174.4	423.11	-12.290	-14.410						
7182.6	422.66	-12.340	-14.470						
7190.7	422.21	-12.390	-14.520						
7198.9	421.76	-12.440	-14.570						
7207.1	421.30	-12.490	-14.630						
7215.3	420.85	-12.530	-14.680						
7223.5	420.40	-12.580	-14.720						
7231.6	419.96	-12.620	-14.770						
7239.7	419.51	-12.670	-14.820						
7247.9	419.06	-12.710	-14.870						
7256.3	418.60	-12.740	-14.910						
7264.8	418.14	-12.780	-14.940						
7273.4	417.67	-12.810	-14.980						
7281.9	417.20	-12.840	-15.010						
7290.3	416.74	-12.880	-15.050						
7298.7	416.28	-12.920	-15.090						
7307.0	415.83	-12.960	-15.140						
7315.2	415.38	-13.000	-15.190						
7331.9	414.48	-13.100	-15.300						
7340.3	414.02	-13.160	-15.360						
7348.7	413.56	-13.210	-15.420						
7357.1	413.10	-13.260	-15.480						
7365.6	412.65	-13.310	-15.530						
7374.0	412.19	-13.360	-15.580						
7382.5	411.73	-13.410	-15.640						
7391.1	411.27	-13.460	-15.700						
7399.6	410.81	-13.510	-15.760						
7408.1	410.35	-13.560	-15.810						
7416.6	409.89	-13.610	-15.860						
7425.1	409.43	-13.660	-15.920						
7433.6	408.98	-13.710	-15.970						
7442.1	408.52	-13.760	-16.020						
7450.7	408.06	-13.820	-16.080						
7459.3	407.60	-13.870	-16.140						
7468.0	407.13	-13.930	-16.190						
7476.7	406.66	-13.980	-16.250						
7485.4	406.20	-14.030	-16.300						
7502.7	405.27	-14.140	-16.410						
7511.3	404.82	-14.190	-16.460						
7519.9	404.36	-14.240	-16.520						
7528.5	403.90	-14.300	-16.580						
7537.1	403.44	-14.350	-16.640						
7545.7	402.98	-14.410	-16.700						
7554.3	402.53	-14.460	-16.760						
7562.8	402.08	-14.520	-16.810						
7571.3	401.63	-14.570	-16.870						
7579.9	401.17	-14.630	-16.930						
7597.2	400.26	-14.750	-17.050						
7649.9	397.48	-15.080	-17.370						
7658.6	397.02	-15.130	-17.430						
7737.3	392.91	-15.610	-18.000						
7746.0	392.46	-15.660	-18.060						
7772.1	391.10	-15.810	-18.210						
7825.1	388.36	-16.140	-18.560						
7834.0	387.90	-16.200	-18.620						
7851.6	387.00	-16.300	-18.720						
7869.2	386.09	-16.410	-18.840						
7886.9	385.19	-16.520	-18.980						
7904.6	384.28	-16.640	-19.120						
7949.2	382.01	-16.950	-19.500						
8004.3	379.21	-17.340	-19.930						
8098.0	374.50	-17.940	-20.560						
8172.6	370.77	-18.430	-21.020						
8190.9	369.87	-18.570	-21.170						
8200.0	369.42	-18.630	-21.250						
8273.2	365.81	-19.120	-21.790						
8291.5	364.91	-19.250	-21.910						
8300.6	364.46	-19.310	-21.970						
8309.5	364.02	-19.370	-22.030						
8318.5	363.59	-19.430	-22.090						
8327.5	363.15	-19.490	-22.160						
8336.5	362.70	-19.550	-22.220						
8345.6	362.26	-19.610	-22.280						
8354.5	361.83	-19.670	-22.350						
8363.4	361.40	-19.730	-22.420						
8372.2	360.97	-19.790	-22.480						
8381.0	360.54	-19.860	-22.550						
8389.9	360.11	-19.920	-22.610						
8398.7	359.68	-19.990	-22.680						
8407.6	359.25	-20.050	-22.750						
8416.5	358.82	-20.110	-22.820						
8425.4	358.39	-20.170	-22.890						
8434.3	357.96	-20.240	-22.960						
8470.0	356.24	-20.490	-23.210						
8478.9	355.81	-20.550	-23.270						
8487.9	355.38	-20.610	-23.320						
8523.9	353.65	-20.820	-23.560						
8533.0	353.22	-20.870	-23.620						
8542.1	352.78	-20.920	-23.670						
8560.3	351.91	-21.030	-23.770						
8569.4	351.48	-21.090	-23.830						
8578.5	351.05	-21.150	-23.880						
8596.6	350.19	-21.280	-24.010						
8605.7	349.76	-21.340	-24.080						
8614.8	349.32	-21.410	-24.160						
8624.0	348.89	-21.470	-24.230						
8633.0	348.46	-21.530	-24.300						
8642.0	348.04	-21.590	-24.370						
8650.9	347.62	-21.650	-24.430						
8659.7	347.20	-21.710	-24.490						
8668.5	346.79	-21.770	-24.560						
8677.4	346.37	-21.840	-24.620						
8686.3	345.95	-21.900	-24.680						
8695.2	345.53	-21.970	-24.750						
8704.2	345.11	-22.040	-24.820						
8713.2	344.69	-22.100	-24.880						
8722.2	344.27	-22.170	-24.950						
8731.2	343.85	-22.230	-25.010						
8740.1	343.43	-22.300	-25.080						
8749.1	343.01	-22.370	-25.140						
8757.9	342.60	-22.430	-25.200						
8766.7	342.19	-22.490	-25.260						
8775.5	341.78	-22.550	-25.330						
8784.4	341.37	-22.620	-25.400						
8793.2	340.96	-22.680	-25.470						
8801.9	340.55	-22.750	-25.540						
8810.7	340.15	-22.820	-25.610						
8819.4	339.74	-22.890	-25.680						
8828.1	339.34	-22.950	-25.750						
8836.9	338.93	-23.010	-25.820						
8845.7	338.52	-23.080	-25.890						
8854.5	338.12	-23.140	-25.960						
8863.2	337.72	-23.200	-26.030						
8871.8	337.32	-23.260	-26.100						
8880.4	336.92	-23.320	-26.160						
8889.0	336.53	-23.390	-26.230						
8897.7	336.13	-23.450	-26.300						
8906.4	335.73	-23.520	-26.370						
8915.1	335.33	-23.580	-26.440						
8923.7	334.93	-23.650	-26.510						
8932.3	334.54	-23.710	-26.580						
8940.9	334.15	-23.780	-26.650						
8949.5	333.75	-23.850	-26.710						
8958.2	333.36	-23.910	-26.780						
8966.9	332.96	-23.980	-26.840						
8975.5	332.57	-24.050	-26.910						
8984.1	332.18	-24.110	-26.970						
8992.6	331.79	-24.180	-27.050						
9144.0	324.50	-26.100	-42.700						
9710.0	300.00	-29.900	-47.900						
9754.0	298.10	-30.300	-48.500						
10554	266.00	-37.100	-59.100						
10668	261.60	-38.100	-58.500						
10980	250.00	-40.700	-56.700						
11485	232.00	-45.100	-62.100						
12175	209.00	-51.300	-59.300						
12460	200.00	-53.900	-62.900						
12497	198.80	-54.200	-63.200						
13411	171.50	-62.200	-69.600						
13716	163.30	-64.900	-71.800						
14240	150.00	-69.500	-75.500						
14935	133.10	-74.400	-80.400						
15240	126.30	-76.500	-82.500						
15545	119.80	-78.700	-84.700						
15635	118.00	-79.300	-85.300						
16459	102.10	-77.000	-83.000						
16580	100.00	-76.700	-82.700						
16720	97.600	-76.700	-82.700						
16764	96.900	-76.300	-82.300						
17325	88.000	-70.900	-77.900						
17678	82.900	-71.100	-78.900						
17983	78.800	-71.300	-79.700						
18288	74.800	-71.500	-80.600						
		-71.700	-81.700						
		-71.300	-81.800						
		-69.600	-82.400						
		-67.900	-82.900						
		-64.600	-81.400						
		-63.000	-80.700						
		-58.900	-78.900						
		-60.000	-80.000						
		-60.100	-80.100						
		-54.300	-76.300						
		-51.300	-74.300						
		-51.100	-74.100						
		-51.300	-74.300						
		-51.700	-74.700						
		-49.000	-73.100						
		-47.400	-72.000						
		-46.500	-71.500						
		-47.300	-71.500						
		-48.500	-71.500						
		-46.600	-70.900						
		-45.700	-70.600						
		-44.100	-70.100						
		-40.500	-67.500						
		-40.700	-67.600						
		-39.200	-66.700						
		-38.000	-65.800						
		-37.500	-65.500						
